01010100101110000011100001110000
00110011001110010011100110101001
01110011001101101110111100001111
01010000100001111000010010100000
11001011100110011100010100010110
00110010010011001110000010010000
11110011110011110111110101111001
01010101110000011011111000101011
10010111011110010110001101110011
00010110110101101110010111010111
01101100111111000011110001100110
10001110100110010011010111000101
10110011010001111100000100110101
00010001010010000111001000101100
11001011111100000011110110100011
00001000101000011000011110101110
00010000111000011100011011001100
10111010011000110011000110111100
10000001011011010110111100000000
10000100101000011000000111100010
10101001110110101110001010100000
10100100101001111101001111000011
10000000011110011011101000001100
01110101011100011100110010111001
10000011101110010000110010110111
11101111000000100111011101111100
10100000010010000010111001100100
00101000100000001100000101111100
01001110000001110011100011100101
01100110001011100101100010100111
01010100101100111100001011010110
11011000010001010101001010000010
00100100011010100010101001100001
11111100011100001010111101001111
01010101101001000011000110001100
01111001001010100011101100011101
00110110011001111000100010000101
11010101101110100001010110110001
10101000001100001011101001011011
01111111101100110001001101101111
01000100110110000111001011110101
10000000110101110101001000001010
11011000011111001110011100001000
01011100111001100100001111100010
01001110000000101011100101011001
01001101010001010111000000111101
00001101110010100101111011000001
00100011110111011101100111000010
10101000101111001111110001011011
11110011101100100000010101010101
11011100101001001110100111100110
01110100111011000100001101100000
10101110001111110011111100110100
00000000011101000111111011110000
00010110101100000110110001000011
00000111110000000001100111101101
10011110101110010100110011001000
01111001010100010011000100001101
11101100011000100101110101010100
00110100100001101100011111000011
11000101101011101100011110011111
00011010110100111010100011010001
01101110010000100010000011110011
11110111100101100110110011111001
10000100000010111001011100101011
11111101100011010011011011100010
00101110100110111110011001000110
11011100100100010010110111000101
00110101011000001111001000001101
11101100001110001011001011110111
10101011000010010110001010010101
01010011000000100001111001100111
01010011100000000101001011011100
00101111001100101101110101111101
01110001001010011110100000000010
10011001011110010101110010101010
00001010100011010101000111110101
10101100101001111111001011100101
01100000001010000110111111110001
00110001011000000100101011001111
00110101010011100001100100110101
11010100001100010111010110010010
01100110010000000010110110010010
00011100100101101110001100001000
11111111010001101000111000010110
11001010000110001100101010101100
11001000000000111110101110110111
10111011100011110011110011110101
10100010010011100110101011001100
11111100011111110000101100101011
11111111011101101111001100010001
11001110000110000100111110011010
01100010100001010010101110000001
10110000100100110000101000100010
10110111111001101001011010100111
00110001110110101110110001101100
00010000101000100111111100000000
11111000110000001000110110011111
10100000001111000001000010100001
00001010110111000101101110001010
11011001111010111001111000000100
01110100101000100110101111001011
11110101011011101100000110011100
01100101110110110001101111000100
11110000110001101110111011110001
00110000111100011011001111110000
10011001000001110111110011111111
00101101011010010000110100000111
01011100110101011101101001001001
11101101100111001011010111000101
10010100110011101010011001111001
01110111110101000000111001001011
00100101101111000111101011010010
10110101010000101110001001011110
10011011000000001001011011100010
11111011000100101110110110110001
10110001100000111111101101101101
11011010101111111010110110101100
11000010101001111100001110000010
10010100110010001001010010110000
11110101100100011011011000101111
11110001011011100010101101010100
01101010010000110111011101110100
10100110100111111010101000000100
00110001011111001111101010100001
01000010110101000101011111111000
10011110010011100101001011101011
11010001111100011001111101010001
10101111101101010010010111000010
00100001011000101000100111000101
10100111101111011100101011111111
00101000000111010001000001011011
11111000101111010100100101110000
00011100010110110000111101010011
10100101110001010000011011010100
11101101111110000110000010011011
10111000111000101110011010010110
01101101100100001110000010110111
01101010000000001001111001001100
11110011010100010010110101010100
10111111001111111100000000011011
01010010010110100000011001010100
11111110111111010101110010001100
00010100101110001010110110011000
00111001001100111001101010101111
00100100111000011101110011000000
10010111100010010001010001111010
01110111000011000001011011111100
00000011101101111110100111000111
10011101010000010000010101110100
10110110111000001010100111111011
10001111010000011101011010001100
00110100100100110011011011011000
11110000001000011100100101100010
11101101011110101000010101111010
10011000111001000001100000101000
11110100001100111101100010000101
11000110110011100010100100110010
00110101100110011001000001101010
01111001000000011101001111101010
01010111001100000100100001101100
01010011010100110010110010101010
11111000101010100100010111011011
10011100001011011000101101010101
00010000110000011101101101010001
00001011111010110110111000100001
10000110100101111100000010000010
00100010111010011000101001100101
00101011001010111100101011111011
10000010011001000111101001010000
01111110110000100001010100110000
10110000101001110100111011011000
00101101010101010000111100110111
00101111100000100111100100101101
00100000001101001000011010011011
01100110010001001111110100110000
11011100000110101010001101011100
11010000001001000000110001010000
11001100000000100010010101111100
00011101100101111111000010001101
00001010010001101101000110000100
00101001100000101100110101011011
01010000010110000010001011111000
01100110001011001000100001000000
00010011110011001110001100110011
10100110001011101101001111010110
11011111010000000111000000100100
11001010001010001100110100000111
10101110110010000001000010000110
01100100110110101110001110101011
11111101101111110110110111000100
10110011100110000010111001001001
01001001110000101100110011001101
01101010101110111001011001101011
10001010111011101101000111011110
10011011000011111010110001101001
00000111101111100000101001110011
01010100111100110001100010100101
10000011010011111101100100011000
01101001110011101110101001011110
00000001011101110110111010111111
10011110011110111000101110101010
01000010010000000110100011011000
00100111111111111011001010011000
10110111001000101100000000110011
11101110010110110000100011100111
00111101101100101110000001011000
00101001000111001111101011010000
00000100011011101011000011000111
00110000011000101110000111000000
00100100100010011100011110110011
00100001010101111010110100101011
01000000011000001111100001010011
01010001100110100011010010011100
01110000100110110000010000000110
00000100101111000111111001001110
00001001000101100100101110000010
10010101000010110100000001101011
10010110101010001111000011111100
00000010000011001010001010100011
01011100110001111010011010010011
01100000000101010001111101110110
10100101100010010111101111111101
01010001000111101101110001111010
11100111011001011101111111111001
10001011100110111000000101011100
00111100101001011010001110010000
00001001011010001000100111011101
00100100011001101001100110101110
01110000100011110111111010110101
10111111011000010000001010000001
11111001011001010110001100110111
00010010110000100011011101000001
10111101010010100011101111101100
01010000101100100101001001101001
01100010000111001010010001000010
11100100100110001101011001010010
11101001001000011110011101011011
00001011010001001011100111101000
11110000110001111001001010001001
00011011011101111010000001001010
10001110010010100001000011000011
01110111001110101101010010111101
10001000100000011100001101001101
10111110111101110011001011101011
00100110011101101110010100101111
11010101110000011101101101100000
11101001111001001101010111011100
01001010100110011111110101101110
00101010110110111100110110010111
00011101101111101000100110100011
01000011011110011001000010001110
01110011111101011110101000101001
11111110001110010011011011101100
01111011110000010010111001001101
01010111011111010000110000101101
11010011001000000100010111111110
00110000111111001101110010100110
11100000011010100001011011110000
00100101000111011110000000000011
10011111011110010101100011100001
10100100110001001101101111010001
10110110111011111110111011111100
01110001000001000000110101111100
11111111011000001011111110000011
00110101100101001110100111111100
01010101001100100001110001100011
10010010000110111011110001011010
10111000000010101011011111111110
11010011111110001000000001111100
10011001110101010011001001010010
10011001001100001110001010100100
10001101000110101100110110000011
11001010001011101001101101011101
11100101110011010110110111011010
11101111001010101001111110100010
01001101000011001011010011001001
00010100000101101110100100010101
11100000100011110100001100011011
01011100000010110111101000100111
10110100001101000000110111001110
11011010100000110001000011111111
11010110011101000001000110011011
00001111000001001110111011100001
11011111011111100100101101101010
11011001111110100100000011011010
01100010111001111001010101000100
11010000011111001001100100011000
10010101011001010001110101010000
10000000101011011011101101000110
10101111011000101101011101100000
00111001000100101010100011111011
11000101100011111001000010110001
10110000011101100111010111110001
01010000011101000111000101010111
01110111010000000001010101001100
01111011000010010010111111011011
01110111001001101000001011111000
10000101011111101001000011010100
10100100110001011011011000010010
01011101001010111100110011110101
01011010011011010010000111110111
11101001010110100111010110011111
00000111001000011111010100101111
10101000000001000110010101011100
11101110010000011111000001011000
10011000001111100101111001111101
01100011100101000001111100111100
10110010010000011101111010010011
10111100110000101001011000000010
01110011001001101001011110000100
01110110000010101000000111011010
01100010011111001101100100011110
11111001011010001111000110010110
00000100001010100001011100011100
00110110101110000101011011000010
10000001000101111010111110101111
00111100001000000101010111111010
00101000010010111100111000011101
11101110010001100111011011000010
10111011110100010100000000110010
11101110010011001110011000000010
11100000001011001010001110100101
01000100101010011100000011001000
01011101000100111000010100010100
10110000000101010000000110010011
00011100110110100110111000101000
10100011111111100111111101100111
10010001001000111011100110111010
01100100001001101111100010011110
00100001001011110011000100011001
01001011110111000110111001110011
00111000010100111100100111001001
00010110011111111000110110100000
00000011010101101011101000010000
00110010100000111100111100001111
10011110100111011010101001011100
01110011001100001111100110111010
11001101011010111010011010000010
11000011010001100011001000000101
00110100101100001011000100101100
01111101000110101110111110100011
10001111110001101010000110100010
00000111100100110100011010010000
00100010110111001100100000010101
01011111100001110001100010001010
00011101111111100110101010110101
10010100010101000010111001010111
11000111100011111100111101100011
00101011011110100101010100100111
01000001000100001100011010000001
00001111011010101101000010101001
01110100110011010001001001011100
00010011000100000000110101111001
00011010010001000011011010010100
11110101011010111001111000100000
00011111010100110111000100101100
01011010101100111101110100110111
01010100110101100100011000111111
00111000010111110010110100000010
00011011000111110000000001110111
00010101001110001111001011100110
01000111000100100101010101111101
10101001000000110000110011011000
01110110001011001010101111101100
00100000110111110100000001111010
11000100111111001011010001110010
00010011011100001010001111011111
11100111101000001100011011111110
00101001001100000101111000100000
11110110101001000011111010001000
10101011110001100010110001111110
11010101111010010010110100010001
11011111110011000110001100111101
00000101011011000010010010110101
11100010111100000001000111110011
00101100010110010000000011001111
10101100100011111011101101101000
11101001101010101111011111111001
11101000000001100100100011110101
00010000101010000111000011111110
00110101011010110000111001100100
01010100001010001100110110000000
11110010110100011010100010111000
10000110010011010100110011010111
11010110111000001011000011110001
10100101001111101111101100111100
00010110111110001000100000011100
10100110001111001111100000010000
00111100100101101110110011111100
00011111000100111100011000111110
00110001000000111101110010110001
01100111111110000100001110000001
11000011000111101000000101010010
01101001010101100000110011011001
11111111101110110111100000001011
00111011110110001100000111110101
11011001011100101101010101110110
00011100110011100110000011100111
10011011111010111001110111110001
00011101101111101001110010001010
10110111110110100011110111111011
00000000000110001000110110010000
10111110001100101110001000110001
11011101001000100110001111001110
00001010010111100011101000000011
01010011100011101101101000100000
01001001011101110110011100110010
11001111010001110000011011010011
11101001010001010010100000100001
00101101100010011100100011001010
10111110110100111110101110101111
01100111100111101101001100011000
01100011001110011110111100011101
10000000101011000101110110110001
10100001111010101111000100010101
10001100110111101010100000001011
11001010111111101110010001010011
10011111111111100001101011100111
00001100100110010110001111110100
01011101110010101000101011000011
01000100111101110000000111000010
00100001101001011001011011100101
11110100010101101011001000000000
10101010011100110000111000000100
00011100010110100101000111001100
01011101101011110000010100001011
00001010011000110110110001000111
11001110111000001101111100011111
01011011111111110001100010100110
11101001001001001000000110100001
00100110010101110001010000001111
10001000010101000101001111000010
11011101010111010001011001111010
11010100011110001011111001010001
01101110100100100111110110010011
11011011111100011011111011001011
10000110000001101000101000101011
01000111110111000101101010110001
00100111101000101001100101110101
00000011111111100010010100000111
00110010001010100000100000000001
01100001110101011100101110111110
11010101100010000111000101011010
10100001111110110011110110011000
00000011011111101111011100000000
10100011000011010000011010110010
00101110110001101110011110110010
01101111110001000111010011111001
00010010010001011101110000000001
00010000110111100111110010110111
01011001110001110111011110110101
10000001111111110111001101010101
10010010001100101000010001010111
00110110011001000100101001010011
11011111011110101000110011011110
11010111000110001011111001101011
01111101000010101011010101011100
10011000010001111010111101010100
10001001111010100111011011011001
00110010110000100111001111111110
11011000010111010011011101001001
11100001110011100110011101101101
00110101010110001110000110001101
10110011010011111000110110010110
00100110011001010101100000101000
10000111010000100011000110100000
00001010101110111001111010001111
01011011000110110010010110010001
00110001100111000100110011100100
11000100101111000110100101101000
00000001100000011110010000001111
10100010101011101010101010101111
11001001000110001011111110000111
11011010101110010001110110010001
01100100001101010010111011000101
10110101111110001001100101100110
00100000000001110001000111111111
10110101101011011101110001000101
10111000101111111010111001010011
00011101100000000110010000110111
00100110111111110011100010000010
10101100110111001010111101100111
01011010100101100111001011101001
00000000100001000111000110001111
10000101101001010000101100101100
00001011101011011010010010100001
10001100010001101001111101000110
00001101001101110011101010010010
10110100011110010101110001111110
00110000100111100111101011001110
00001010001001010101010101010010
10110011111110000000001110010010
11110010110110100110010011000000
10110010111011111000011000000111
11000010110000100110110000111101
00011010110011000000101011101011
00110100101100000010111010111111
00010011000111110011101100100101
10001001011010011100011100100101
01110000010000011110101000111101
00011110101000000011111100110000
10011101001011011110100011001011
10100000101001000011001000111000
01001101011110111100100011011011
10101000000011101000000011101111
11000001100101011111101110000100
01100100001100101010011001101100
11010000101110101110010000111001
11010010111010000101010000000110
00110000000101010111010000010010
11011000010000001000100010000111
00000101010111011100101101101001
00001000110101011000110010111100
01110000000000001100110001100100
01010011111111100111100100001110
01011111110010001000011001010101
00110010101101101100100011010010
10101110011110001010010101111010
01011010010110110011101111101101
10011110001111010000010110011111
01101000000000000111111001010000
00100001000010010101010000101011
00001011100100111100101101000011
11010010000001110110111111110101
01111010000101100011111001010000
10111100101000001000001110000011
11101011000111110101000001100000
11101111101000110101000001110110
11000101001010111100000011011011
10101101000110101110111001000101
10111110111110110000001111011100
11110001001100001000000010001110
01101000010111001101101100100111
11010001101000101001111000001100
10110101000110111011010100111110
00111101000111011111110011111101
10001011010100001010101110111011
11101101000000111000010010111011
10010100111000010010001000100010
10001000111010000011111101001111
01010101011010110010101110110110
11000001000101101010101011011011
11001101010011011000000000111011
10110010100110101111100000010101
10100001110010010001101010101010
11110000011110101001010011100111
01010001011100001000101010100111
01011100101001010100001011110011
11000111010101001100010001101100
11000100001011001111110011100110
11111101111110001001001010010100
00000111111001001101011110111010
11101101010111111100000011100001
00110110000000110101111110000000
01110100101110100011100001000011
10001000000011001100011000001101
11001010000100000111111101100011
10111111100101010001110110101110
01011000101000010111001101100001
00000000110100110010111011111100
11110100011001011101011101101011
10010001101011000010110000000111
10100100011001111100001100111110
11111000001111110101110110010110
00010101001110111011011010101111
01101101111011111110011101001001
01100110110110000100001110010110
10011001110000110110001011100110
00111001001100111001101010111000
11011110000111010001101110011100
01101100001111000001000101101011
01010110110100111001001000111000
01101010101011010000101001011000
11011101100011010100110001010111
00000011011111000000111101000100
01011010000101000100001011010101
11010000111001101110010001111111
00011111100010010110100001111000
10001011111100010001001000101011
00111011011010111010101100011001
11101111100011001000101000001000
10101100101010001100110101001000
11011110000011111101101001111001
00111111101000111110011001111001
01011001111011100110111111011110
10100101111011001100101011000000
10100011111111101011000000111010
10010010001001010101110100110111
00111100010010001001001100100100
11001010101010101010111001101000
01111101010000011011001111001010
01011000000011000010111011100100
11111011110011011101000110000000
01100100010110010101011011101100
00110011011110101001110100011110
01111100111001011101001011111001
00001101000000010000010001010001
10011111100100000100000111111010
11010001111011011110011111000010
11000011111010001111110011101010
11001111000001111100110000010011
00000111110100000011111010100000
01111010001111101011011101110000
01110000010010001001100111011111
10111101101110000110001110000000
00110011100001111010101111010111
11001111001011010001011001011111
10111010111000010000110101110101
00011011001111001111000000110110
01011000001011000111001100000111
11110111010111111001111001001011
00100010001110111001010100111111
01011100011001101010111000110100
01001110110011110000111011001100
11110001110111011101100111111111
10000101010001010000111111000100
11001111101011010110110001100101
10100000101101101101011111110010
01111001000001101010001111011000
11010100111000110001010010101110
11000001100111000110011001011100
11100101010001101100101111010101
11101101110000110101111100010100
00111110011101000010100011011101
01001001111111110001100101001010
11010010111010111110111000110110
00010011010110100001010111111000
11100110100000010101101000010011
00110001010100001110110111111000
11010111110100110010100000001001
11110100011011110101111110100010
00010001110111010010111100010111
11111110110100011101111101101111
10000110100001101011010010101011
01110000010110010010001110101011
01011000011011000001011000101000
11101101100000010001100110111101
11000111010001100010100100011000
10100111110000111100000111010110
00111011000010111011011111111010
11110011001000001010000110110011
00110101010111001100100110011100
11000100000111011011001101001110
10101000000111010011000101010110
01000101000010110100111110110111
11000110111101111010001010110111
01001101000000010000100010100110
01000100100100011101111100111101
00000111010001111011111100011101
11010001011010110001000001000000
10000100000111100111010000100000
11001011100000001101110001111010
00110100001010110111111000001011
01011111110100100110100001101101
10101111110001001000011010100010
11000010110110111111010010111110
01011110001000100010111101101101
10001011011101011001000011010010
00101111100110111010100011110000
11101000100111100010110001111001
11001011000110001010011100100101
01110100111100101010010011101001
11101110000100101011011110100111
11101100001000101001101011111010
10000110011000000101111100011001
11011001001100101111011011010100
00001100111011011100110101111000
00100010000111010101101101011110
10000101111001111010110000001011
00100010111100100011100000011001
10011001001010010100101100100001
11011011000110110000010100110100
11000100111101011010010010110101
10110110011111110111111001000000
10010000111101010011000010101110
11110010001011100000001101100101
11101011010111001100111000110100
10101001101001101110011101110011
10010110110110111001001111011001
01101111111000101111001110010100
11001011101110001010011000101101
00111111101111000011111000010011
00010111001111010011100010011001
11011011010100101100100010001000
00100010101110101111101101110010
01101011111100111110111000000111
00110001011001011001011111110011
01000110000100111110111111011110
10000101111100010011011001011101
10110101110010010101111111011000
10110100110011111000011101100101
01000011010000011011100100110100
10010011010110111111010111101010
01010100011110001101011111111110
01100101101000101011011111111111
00100000000000110000011110110000
11000011111101010011110011001000
01000011010010011001101100101110
01001101101111101100110000010111
11100011010011000001110000001100
10000001000001010110101000101001
01000001100000111001111111100100
00011001100001101010000101001110
10011011100101011100100110100001
00111110011011110100010001010100
00001010101101010110010000001010
11100011100100001100111100110110
00100101110011001011001100101001
01111111000011100010001000100100
11011010100101100011000000010001
01101101010000101011001011000000
10011111010001011000001010010100
11011110001101111111010111100010
10100010011011110110011110001110
11001101011101111101110011010110
10111101110010111101001111001000
00101100011110111101000111111011
00111001101011011101101001101111
01111111100110000011000110010001
00011110010000000010001101110000
11011100001110001100110000111100
10011011111110110010001001001110
00000011101111011111101111011101
01101011110110010011010010010011
10000000010101110010111110100000
10010001001110100010010001010111
10110010000010011000010110011110
01010010010010110110000011101010
11011011001011010101100101000110
00111100101001011101100010000001
10011011110000010010011110011010
01110111101010001000000110010100
11011011001101100001101010101100
01100101110010100111010010000101
10011010111111100010100000001010
01101101010010000111011010000101
10100010010110100011111010110011
11001111101101111011010011000010
01010111001111011010110111110001
11111011101110100011100001000101
10011001110111000101000111001011
00001000010100010001010010001001
11101001011111110010011000001000
10101111101100011101100101101111
01101100001010001011010110010000
01001010100001110100100000101001
01101000001111010010011110100001
10101101111100101110111100001101
11001010001101011010000000011000
10100010100000111011010010111111
10000001101010011011001011010100
10001101000111100001111110000100
11001011100000010011100000000100
10000000111000011010101100000001
01011111001101100110110011101110
11001111101111010010011100011011
11111111100001011010111101110000
11101101111110000000010101100001
00100110111100110101111101100100
01001000111110101011111011111100
10001010100101111001100100111111
10101110011001110101100101111001
00011101100010101110001011101001
11101010011110001110100101001011
11010101010100101010011010001000
01101001101010101101011100000101
11010100101100110111100101101001
00001001100100001100010010100010
11011001000011010010000011000001
00111110010011001000000101001001
10101101001100000000101110011011
01111011001010011100000001101011
01111100001010100100100000010100
01100000000011011011110101110011
01001110010110100100001000000100
11100111100101000010010110011100
11100111111100000000001100011011
10000111000011111011000001001110
01100100011111110000101001100101
11010101101001101010011110000001
10011010111100110100010010000111
11100011111000100010011100111011
01010100001001001001000001111000
10010001101110110100000100100001
01000100000000110001101101101010
10101011001111100000100110010111
01011011100110001110111001000100
10011010100100000001001101110011
11000001011110001011010101101010
00011110001111011101100011110101
11000000101001000011001100011100
01101010110010011001111101001010
00101010101010011000101101100100
11100111000000010010010100001111
10100110001001010101111000000101
10110010001111010110011000101000
00101000110001101111110110100011
01001000000110011000101101111011
00101000110001100000001010010001
00101111010010111101111010110010
10010001110000001110010110101010
10100110000000110000000011000000
01101001111000111000001100010011
10010011101100000111011011011110
10000111010101011111111100101100
10011000100000100111000100010100
11010100011111001001000100000100
01000111110101101011101111101010
11011010110110001011001101111101
00000010111110010011110001010010
11000011111101000000010010000101
10011111010100101100011100000110
10000010000101111011110100101111
01001111100000001000011011110000
10001110000011011110100101011101
11101011110000011010001110111101
01111011000000000111110110010011
10010011011001011110010110100000
11110101101110111011110010100000
11100000101110100011110000010011
11111000111111011010110011101110
11001110000001000101110101000000
01111110011101110101111000011001
00111010010000010011010110010110
11111110011100101001101100011100
01011000000001100010000011000001
00000101011100011101001010100010
00010010010010110111011110001100
01100101110111010101001101010101
00000101110000110001100101011101
00101011101100011001111011101101
00010011110010111111001100010100
00011110110000110000001111011000
11100010010100000010110111110100
00010110011001100000001000101100
11101111001110000110001110100001
11001101011110100101000011011111
01110001010100110111001100110101
00010011000000111000101011110110
11111011110011101000011110001111
00011101001100100000110000000010
10110011101000111111111110111111
10110000000111111110011110110000
01001001011101111000101000000001
10010010010001001111100000011001
10010000111011101110100000101000
11001011110011011001111111111011
01000011110001110000111010001110
00000010000001010001001110110001
00010000010100001111100001000011
01001011010000100111010001001110
11010011001111110111000010101110
00010001001110101010010001101001
10111101011010010000110100000110
01010111011101011100100010100110
01101100010111110000111110001010
01100100001111001001100111100100
10011110000011111100001010111101
00010111011100010100001011000100
01000000010101100110000110010000
01111100110110011011111110010110
10000100110001011001100110100011
01101101111101000100011111010110
00001011000100110001011100110010
00011100111101100001110110000011
11011101001110110000000001010101
01010011001110000001110000001111
10010001010100001111011110011011
10010110011111110100101111001000
11111110001101100000100010111101
00101110110010101100011010011000
11011101001011010111010110111100
01011100111011101110101110101001
00101010010101000110000011000101
10100011100100000000001100100001
01000010001001000101111111100001
01010010111011111010011100001000
00101110000010000110001001110001
10111011000100100010110111110110
11101110101010001100011011101000
00110111001000000111010010011010
10001101101010000101111111110011
00111010001010100110001010010000
01001100001011101110011001000001
10110110001000110110110110001011
10101010111000101101101100010010
01001001100011001011110001011001
01000110011100000100000101111001
01001111111000011111000011010111
11010100010001011001011111010001
01000001011011100100100011001011
10011111110011010111011111110000
01110010111000000101101111010000
11110011100010110100101000110000
11001000110100000101110101101101
10101101001010110010110001101000
00000101001001001001101100011011
11111110111101111111011111001111
01011101011100110011110100101010
10110101010011001101000100010011
01111100001100100101001001000010
00000110100111111100011111010101
00110110001100001110110100000110
10010001010110111101000111100101
00010000100010111100101110010011
01000110011110110110110001001110
00001100010110111010100111111100
10101011011110101000001011101111
11110001110011011110001000110111
00001101100101000000110001101101
10101101001011110010100010110000
10110101011011010101101011011101
10010110001111001101001100011011
11101010010101010110010110010000
01000011001110100110010111010100
00011001100111011101011000110110
11001000000111000100111110100101
10011000011010100101011011110101
00100111000000100101011010111111
10000000000111111100111110011000
00100001011011101011111010100011
00001000111110000100000011111010
10010110011111010010010110010011
00010001011011001000011100100011
01001110010101101011101000110001
00001111010100001110001011011101
11010111000100010111111000101101
10110111100000000011001010011011
11011101100111111101001011100100
00100010010110011011110101101001
10101010010100100011100110001111
10101111110110110111110011010001
00000000101110001010101000111000
01001110111101011100001110010100
00010101111101001000100011101000
10111110111001001010000010001101
10101000111111010111110001110010
01101111000101101010010011110101
00001111000101000001011010010101
01110010101111111101101011001111
00011010111001100101101000111101
01101010011001001111010000111111
01011010101001110111110101000011
10110100011110100000101100110101
10011000101010000101111110101110
00100010001110011000100000011100
11011101010101011000101011101100
00010001101110010011010110010011
10101110110000011110101101001010
11010101011011110010010111111000
10110101110000101110001001100000
10011001111111100011001101011111
01110111110000101010110110010110
01110101000100100001011001001010
01110101111011100011101000011010
10110111000001010111010100111010
01011011100101111011010011010011
00011001101001100110011010011000
11110110100100111100101111001010
10111001001001110010010101110001
01011100000100110000001101110111
11110000100000100110010100101010
00011110001110001010010010000011
10011001000111100000101101011001
11101100111110000010100101101000
10000010010110100101111100000001
10000010110111100111010001011111
10011011010111000101001101001001
10111111000110000110000100010110
01001010000000010010110100010100
10101100100011000011000101110110
01111000110010011011101011010011
00010011110010110000010010001100
10111100101101101111010101011000
10101010101010111100000010000010
00000000111010111011111111110111
01110011000111100110101010011011
00011100010111010101110000101110
10111100011100101001001010011000
10110111100111111111011111011100
01101000010010110011110010110100
01011100000010101100001100000100
00110101110101010011011111011000
11001110001101010110101111001000
11011111101100010000110101010111
11110010001111101010100010100000
11111111010110000000000011111110
10011000101100110000111110101101
10111011011010010000110101101011
01011101111000100111010111011010
01100010110011000000111000010111
01100110101100011111001111001001
11110000000101101000011100100000
00010001110011011001001111100100
00110001111100001001011110000111
10000100110010100010111111110001
00001000110000000101010100011101
00111100000001110000101101110001
01010010100010011000110000111000
