00011101001110110001010010011011
10101101101101010001100111110010
10001011010100101011011100000101
00000010100110111110111010111011
11001101111100111100110101111010
11111111011110000100011111000100
11101001010011001100010000000100
00010101001110101011000110110001
11001100101100101011111011010001
00010001101001010001101011001110
01100111010101100101100110000101
00100110101000010000011100001100
11100010001010100101010101101011
10011111001101101001010000111001
01110010000000011100001001110111
01111111111110100101010001111110
10000101010010111101001010111001
00110110010100111001000000101000
00001010101010010011101010001000
10010110010000100111110110101000
11111010100101100011001011010110
10010110010011111111100010000001
10010011110110001110000001100010
00011110111110111001001000110011
01010101100101010001001001100001
00100110001111100000110001001101
11001000001100011101011011110100
10001010000100010000111100000110
01101110100011110100111010001100
10100000110010011000111110000101
11101110110111000010000110110010
01100110101000011110011001001001
01010111100100110100001001000001
01101000010011001001001010110110
11011011011101011010101111100100
01100101000001010010011111001010
01110010011011001001100011001100
11100010000111101101111000101101
00000111101000010111110001101110
01011000010100100110110010001001
10100100000100101101101011111000
00010100001010010101101010100110
00110010010110100110010010101010
00100101010001011001111111101101
00110111011101110100111111110000
01010011001000111111001100110100
01111100110100000101010101111000
10011010101110011000011011101001
11100010011111010010101101000101
01011000010001101000110000010100
10011110101011011000000100111000
00110010000100111000101000010010
10111011101010111001101110101100
01110100010100001010111000010101
01110000110000001100111011100001
10001001111000101110001100010000
10111101100011001011101011111000
10111010001011100011010100100100
00000111110001001000000001101010
11010011110001110110110000001001
01111000010101110001111101011011
01001000011010011010001000101001
11001001011001101010010011100111
11101011010111110110110111010100
00011100011111111010010100110100
00011001000001101000110101001110
01110101001001001100110110000010
11111101110001101011101101110001
00101001101110000000110110101111
10011110010110101101001001110000
01101111110010011000111000100110
01100110011000110101011010011011
11000111010101111011001100101101
00001111011101101101010011010010
10110100110100101011100001010100
00010011010110110010001011100011
00111011011011110110101111100011
00011110100011001011010111010111
00001101111110011000010000110110
00011110001011001100101111000011
01110000101111101001001010110010
00100110100011010111011101000001
00000001101000110000111000010000
11010101110101111011110011101111
10101101001011001011110100000100
10010001100001000010000001011010
01001010101100111110100010001110
10110011001100100111101100110101
00010101000111100011100001111100
00111000101010010100010111001011
11100110010110000110010001111101
11000000100111001101111100001111
10001001101001110000010110000011
10011101111000111000010000010111
01101101000100101111010100100011
00010001100110001000111001001110
10010110011101101000011010110101
00001110011001001111100011010010
00001100111000000000001111110001
00110010100111110011100100101000
11111111010001111000011011011110
01101011110000001111010010101110
11011111111101101011111111100100
10100011100110111100101011101010
01000110101101011010010011100011
01101100011101000111111111001010
01000100111011011100110110011001
10010111001000101110100011110000
10110100000000000101000001010010
00011001001110110011010010011101
01000101010110001010011001110001
10110011110011110111001111010101
01010101001100000000000101100001
10010110111010000100001000011101
00110101001100110111100110000100
10011110111001010011101100100111
11111010011001001011010110101100
01000111011010111011110100100100
10000100100101011111000011001011
00001011011010111000111101111101
11011001010101100000010110101101
10000010100100000000010101011011
00001011100000111100011110111000
00011011100101111101111111100100
00001101110111110100100001011000
01001101100100000100010110011111
10110110001010101000111001001010
11111101000101101100101000111101
00000100111011000011100001001101
10100001101011000001111011101000
00111110001111111000001110001100
11000010010100011000010110111101
00011000111110001100001110010011
11110110000101111100000001110011
01100111000111110000000100110100
11110100101111000100111101101111
01010100111100101001100101001111
00111110100011111101010110100011
01000010000101111010111000000100
01011000000010101010101011010101
10111101000110100110000011110011
10011101011111001010110110110111
10111101100011111110101111011101
01111001110110101001000010000111
10011001110110110101101100000110
00101110000000011101010010000100
01110010101110000001000100000001
11111000101011110000011001011100
10100111101101111011100001011101
00100001011000000110110011110111
11001000001101110100000100000110
00101110001101100000111000011010
00001110000010011001100110010011
01011110000101000101110100011000
11001110100110001000111000000010
10000000001101100101011101111000
10101010000100100001111001111100
00001011100001111110001001101001
11101111001111001101010111100110
00011001001110110110111101111001
10100001110101000010011111101101
00110000001001111000111100101111
11011001101111100100011000011010
01100101100101111010010111000010
01000001111100000111001011111100
11001110101001111011001010110001
00010110010111100100111001000111
01100100000010011001001010011010
00000010011110110110001110001111
01111010110011110100000111010000
00000001011100000101001101000101
01100011011110111001110100111001
01111000110011000010110010111110
00100101110010010101100101001110
10100100100110011000010001011111
10001001001110110101100101110110
10011000101010101000011111110101
01111000010011011010110110100011
01000110111011110001111011011101
01000110001011010111010101001001
11111011011010010011100011110111
00011001011111110110101100001100
01011000101011000001100000111010
00101111111000111000001101000100
01100111000001111001010101011101
11001000111010101010001110101000
00111111010000001000101110001001
00111011101010100001011100010010
01011101000101110100000101110111
00010101010100000100111000011001
10010000011100001001110111101101
01110010100110010000100001001100
10100011001001100100011110101011
01110011100001101101000010010000
10100011001011110011011001000110
10000101110111111110111011101000
00011110110101000010000000110100
10111010011101000010101101111111
00000101111010010011101000010100
10010101010000001110001100100011
00010011110100101011001110110101
11001011010011010110001100110000
01011100111101001010111101010000
10010011101111110101101110001000
11010111100001001001001011101011
01110000000010001110101110011000
10101001100101101001010110110011
01111011100100010110001111010010
11000010101100010110111100011100
01110100101001100101110110010111
10111010111100010110100001110001
01001001011100001000111010101101
11101001011101001000010001111111
10011011110010000010110010011111
01000110000010011001111111111110
01010110101001000110001001010001
00011010100011110101100001100100
01100110100111111011001010110010
10010011010110111100101011011100
10110101111010110101111111100101
10101100001111111111111011100111
10110110011101001111010001110000
01111110110001010110110010011100
10000010000001111000111011011111
01000111111010101100011100000110
10011011101111100110000001110000
00001010011000100010110111110010
11010000100101010010100101001101
01010110001111111100111100110011
11000110010010100011010111001000
10100111000100110010000010001001
01000010110101000000111010000101
10111010111000000110101100111000
01111011110011111101100001100010
10110000001110010001101001111110
01100001110110101101001011100010
00100100001000111101111010011100
01010011111111110111111010100001
10000100110100101010110101010110
00000100110001001101011111011010
00111101100110101101011100110001
00001100001110000000001010000110
10101110111001001100111111101100
00001000001101000111011101011001
00100110111111001000010101011110
11110100000000000111111010010001
10100011111001010101011011011111
01010111000011001101111100001000
10100111101011000111011111010110
01101000101101011111100000111010
01000101010000001110011100111010
01000000001111100110001001010000
10001110110010101000101100010110
01110001011011100100000000011101
11011001101001000001011000100010
10111000011111110101001100001011
01011100100101100100100011101000
10000010011010101001001000100001
10011001001110111011110100101101
11100011011001010001110100111010
00110000000010100000010001101101
01111100101110010010000011111010
00100101110111100101000101111011
11101110101010110011110100110000
01110110000111011011001111011110
01100100101010001010001111101001
01101001111110110100101101010011
00111000010000101011101010010010
01101010111100001111000000111001
10011110101000110110110100111011
10010001100100001011100111100011
11110011011000111011110111010010
11000111110101001101101110010111
11101010110100101001111110011000
01111000111010101100100000101111
01010011111100011101011010111110
00101101100010110000101100010110
01001010101010011100001001000000
11100000010010001111001111010000
10001011011010101101100110110110
10011011000010101000001011000011
00011100011011000011110101111111
01011101110001010111000100100010
10010110100001001001111001100010
11110001000100111011110110011101
00000010101110100010100010111110
11100000100010110100110001110101
10101101011100110011110010100010
01110100010101100010011101011100
01000111001110001010110110011011
00000100101101000010111011110001
11000000101111110011111010000011
00001000111101111111101010110111
01110010101110111000000011101111
11101101001101001110100111000010
10111101010000010001000101011100
10111010100100001010111100111111
00000100001011110011100110001000
11011101101001011011100001110000
10000110010010010111110010011000
10011100011110010101011101010100
00110110001000100011011000111010
11011111101100110111100100100010
00010000100110001111100111010110
01011110001000101000010100000111
01111010000001001100111111010111
01001111110110111001000110100100
10111101001100001011110100010011
01110101110010110000001100101110
10000101010100101011010111001100
00101010101110101101111000001110
10010011111001110110010110010001
00100101010100101001100101010110
11110010100010010001111101000111
01010111010001110011110110010100
11001101111111101101100101010001
01001011010011011010101010010011
01100111100001100001000001110010
00111100110000100010010100101111
11110001000111011001111010110001
00000111000101101111010100001010
11111110011001111101101010011010
00010111100001011101000001001011
01111100100001011101100101110010
00101010010001111000010101001000
00001100010001111011101010000111
11001000101101000010100001011100
00100100001010110100111011110011
00100000101010110000001010011111
10110011111001110101000000001110
00010110011111010000101000011110
00000110100110101001111101010101
11011010110100011110011110100000
01001011000011101111110110101011
00001100101101101101101100100001
00100110101000101001011110100011
10000010101110011000111010011111
11101001010011010001011111110110
10001101110111000000111111101111
10010111000001011011100100000100
11110001000110101010001110001100
00100100111010110101001100101010
10010000000111111100011010011110
00100111110011101101111001111101
10100100011001001110010110000010
00111000011000011100001001101010
10101110100000001111110100000110
01010101101011100100011110000000
11001110100000011110111101010001
00010111001000010011011111101000
11001101111111010000001001001011
01001001110011101111100011111010
10001001110111100111100110111100
01100100010101000100101011000011
01011111101000010100001110101100
10001110110001100110000000101011
00001100100010110111000011100010
11101110110100000010111101010100
00101100000001111110100100011111
00110111001011000111110110100000
01101001011011101111011000010000
11100100011110101001000101101110
11110000011110001100001001001001
01111100010000010000010000101100
11111000011111011100101011101001
01000110001111100011011111011101
01100011101110110110010010000011
11111010100011001010110000011100
01100101000110010100001001100100
11110010101001011000001011001101
00111101010010101010001101010111
01101000010001100111000010100100
01111110010011010011110011000011
00111001111011011101111010001000
00111011000100000110110100001001
11111001100010011010111000100000
11001110101110010110000110010100
11001011100110010001010011111111
10010000110100010010010110110000
00001010011101010111101101011110
11001110000101110001110001101110
10111000100111010011001100010001
01101110001111101011000010000100
10011000010100001111111001011101
01011101110110000110001011011000
11000010001111010111011001100010
10101101100110011101010010101100
11100010011100110101011101000101
10010111111101110011011100110100
11101100011111111111100010011010
11011011101110000111101001001101
00100101111011100110111011000011
00111000000111000011111010110000
11010111011101100111011001001000
11110011101010101100001110010011
10010110110110001000000101100011
10100001110110101010110001011100
11110100110111100111110011111111
10000101101101000001000110001100
01010100111110110111010101110001
11111011110001110110111100001000
10111000010100010011101010010010
00100010010110111010111110011110
10110000101000001001100111111101
10111000010111011101001110010011
00001111010110001010010111101100
01011111000001101001100010111000
10111001111011001010100111001011
11101101000000110101110011000111
10011000011001000101011000101111
01001111001111010011010101110111
01000101010101111010111101010011
10111100011111100110110101000110
01101110101110000100100011011000
01011001001100001001011111011111
01010100001101011100100001101101
10110011011111100110101001000111
10100110010111101011001010111011
10101110111001101101011101010101
01111010000010011101001001100010
01100010111111100000011001110101
01011111001110111010000001001000
10010111011001111110110000011010
01111110001010001111001101111111
11011011001001011000111011101011
01000101110000111110011001010000
11000011010010011111011101111001
01110100010111111010010111111101
11001110000011010111000111110010
01101100000000001001100010011000
00000001010101101001100110101100
10110110110111110001010100101011
10100011100110001000100100011110
00110100111001100111010000011000
10011010111000001100010100101010
10111101001101010101111110101100
10110110011010011001000101100101
11100011110011010001000000110101
11000010000001101010101110010000
11000011010100100010110110111100
00010100100001010011000100110110
11000111011011010101101000100100
10101011110100010000000001000011
00111100111010000111010101011010
10100011010111100001001101010111
10101110011100100011101000001010
11111000110110110010000000101000
01100011010100001110001000110110
10010001101001101001100010110101
11110101101100000110111100101110
11010111010101011000000010000101
10010010000010101110011011011110
11011111100110001110010000001000
00110001100001000100011001001110
00101111000001111101110000100100
11000010110010100010101011101001
01100110111011010001110101110001
11011100110100000110110101001010
10001111011110100001100010011101
11101100110110111100110001000110
10011001101001001111110001110010
00110000111101010111100100000011
00110111101010101011111010011011
10001110101000111100001100111101
11001011100111101110011000000010
00110100100110110111001100010010
10101000100011111101001100100010
00100011010100110000110111110011
10011100000011111101100010101000
11011001010100100110001110000011
00001001001100010110000100110110
11010101100011010000110010100001
10101001100111100110111111011000
10100011000010010110111000110111
01100000000100010001011001010000
11101000111001001000001001110000
10101000110011110110100011100101
01100011110100100001101010101011
00100111100100111111101001110000
11111101111001011101011111000010
11100000010101001101101010011111
10011000000010101000010011100110
11011010010011111011010110110110
10001001100110110000100011110011
00111010101000011101101011011111
01101100101100101010101000001111
01110000010000111011100111110000
00011010011110001110010101100110
00011001001101000110101000111111
11101100111010001110110010001111
11110101000010101100111111100111
01111001110100010000101010011101
10001101000110100011010110010101
11000110011101011000000001100001
01010100001111100011010000000001
10100011000011000111100111110110
00010111011001011000101011101101
11100110100001011111001001101101
11100011001100011110001100011000
11100111110110011011101000011101
10001100111110100101110100110110
11101010010101101101001010010101
11111000111010010001100111111100
10000101011011000111001100000101
01100001001101000100110011001011
00000001011100010100000111000000
10100100111010110101110000111011
01100101010010111101000010011011
10100101011011000110110000011000
11101000010101001010110101001000
11011000100001010011000000100000
10110111111110001100100010111000
01110100110110111010010010011100
10111001011010010101000100011000
00101111010001000110110111001001
10010010111111111110000101101000
11000101101101110010010000001101
00101011011001101110000001000000
10010101011110110101001000010011
10001100010110010100000100110011
00001100110011011010111010100000
10010111111100000101001000111001
00011100100010101110001000110001
11001110101111010100101000101101
00100001100101011010011000100001
10001011010001110100100101001110
00111001001101110101000000100101
11011101001100011101000110011101
11011010010010001101000110100010
01100110100111100001011001000100
11110010101010011000010000111011
10101100010000111100010001010110
11011000110111111001100111010111
00111001101010111000000100001000
01011110000100010011101000111110
00010010100000010101111110101100
01010101011000100110001111101011
00110110100001110011001111011010
11010011111000011110000010111101
10100111010001110010001100101100
10011111000010011110000010101100
10001111001010001110010000110100
00011001101101111001011000001101
11110100000000101111001001100011
10111001001110110000110010001111
11011010010011111111011011110101
00100011110100110001011000111000
11001001000011100010011010001111
10010110111010101000000001111001
00110011111111000110111010000000
10011111100010001101100011101101
00000011011100011111011101011110
01010010010111010000100010011010
00001010001000011011110111010001
00011010001010110011101010100000
10000110111000110101100101111011
11100010111111000011111001010011
10000100100110100010000100010010
00100010000101101010110010001111
01100101010101111011000110100001
01000011001111110011001011111000
11101101010101000110010101010101
00011110011100000100001011001010
00000000000000111001111000001011
11111110010011110001100010010011
01110100111000000001101000001001
00010010000110100001011011011111
01100111001111011100111001011010
10010101010001010111001001010111
10011010101000101110000011010010
01010000011110001100011001010011
10111110011011111010010110000111
10010101011010011111010000000100
01011110011011011010111100010101
10011111111010010100110101011011
10001100000000001111111110011110
01010000001100001100100010001111
11100111111100011101000110111110
00101011101001000101001110000100
10000110111010110110100101000001
00011101011001001000111101011001
01000101011110110011010001100100
11010001101011011010110010111110
10010111111001001010110111101100
00010111101100110011001010010011
01101000011101111101000001001100
11010001111101010001100111100111
11000001010100101011000000101011
00100011110000011000100001011000
01110101110100001001001111110000
10011010011110000000101000010111
00111000001000101110001100101101
01100011000011000000001100111110
10101010101101111010011010100100
11000110010110011001010111000010
01110001010110100001000101000010
10101101100110110100111000101110
01110001000011101100100010111101
11101001011110011010101001100000
00101011000001010111110110111110
11011110110001111010011001100110
01011111000101111011111011110101
00111011100101011011100111110111
10000101101110011011011000100000
00001010011010011101111101001100
10010010110110110110100011100001
11011111110101110000110000110001
11011101001101000011011101000011
00010011010010110101000101110001
01010001000011110111101000010110
10101000011100101010010101011110
01011101001111000101000010000000
01110100011101111100001111100101
01101001100111100110101001110010
01101100000001001001111001000000
11011100010000110100111011100010
10001100010011110110010000111011
11110000111010000101110100110001
10110110101001010011001011010001
01111101111001010100110100011111
10011110000010001101110100111110
11001110100111000000100101000000
10111101001010000001111110001110
11110111110101011100110111101010
11100101000011001101010010111000
00011111110010001101000001100100
00001110111000001001110001110110
10100100011000011001001010100001
10111100011110111000100101000010
00010111111011010111101010010111
10000110111100111110111100100111
01111001001110000011101101010000
10111111001001101111011110101100
01010101110110101001000001001010
10110000110011010010110010001010
00110011111000100111001100100010
11101001111011100000011110101011
01001001011011101000110111101111
01010101001000101001111000111101
01000101100110000000111001000011
11000011101011001011010011011111
00001011101110001110101010000101
10111111111011011111001000001010
01000111001101110110000100001000
01010100100101111110000101001011
11011101111100111101011011001011
11111011011010111001000000011110
01011100111001000001101010100101
01100000010111101111100110001001
00011110110111011011011110110011
10011101000110010101100100011110
10111100010010110111010101001010
10100011011101011101111101100110
00111101010011110100010100010000
10000000110110000000111110111001
01110101001010010111000010001000
00011111101101001001011000110001
10011010100101111010010110101011
11101010001000100110101000110100
11101010010111110111101011111011
00111101010010101010011010110001
11101010100111011000111011011100
10101101001111001101001110010100
01111000000001000101111001001110
01001100111111100011101001110100
11110111101001111000010101000100
11011110111111110110000110000111
10101001001110110010011111110000
00001001011010001001001110100011
10110111001011011010111010000011
00001001101100101001000101101111
11100101110010100101101100101101
01111111110011010111111111101110
10010001110000011011110010010101
11111110100101100101110010010011
11111011111000001110100011100110
00000110010110000110001110001100
10001110011110011000000011010010
11001111111010111100110000001100
11010111001100010000111000001011
10000110011000101011001111001000
01100100101110100010100001111100
10001101011110110000101100100110
10110010000010000001000100001000
01011000111100011100001110001110
10111000000010111001010100111010
11100111000010110001100001100100
11010000011001100111011011110010
11011100010000101010101001110001
00011110010101011101100001011110
00000001100100011000011100101001
00110011010111111001011100111100
00010000100110101011100011001110
00101111000101110110110111011100
11011010100100111101001001111011
10101011010100011111111010010111
01110001101010000011001010010111
01010101000110111000111110010111
00111010100101000100001101010101
11011111110000010110101111001100
00001000011101100000110001110000
11001011111101100011001001000010
10001100100110010010101011111010
00000001100100100100100001011111
11101000001010010001110011111010
10010111001110100110011100011101
00100110101101111001110110011011
11100000100010111000011111000011
10001011111010001001011000010100
10101111111111110000101100001110
10101010011110001001100101100001
10110110110111000010110101110100
11101010101100011010000001011001
00011010011000110011111110011000
11100110000101101000010011111111
01110110101010001101000011110011
11110100110010100001000100010101
01110011100000011100111100011110
11100011110101111111011010111001
10011011001100001010011011011000
00011011101110010101010111100000
01001110001000100011010110011111
10100111001101100010111000110110
11011101010110001011001011111101
00001011010101101110111010001111
11011110011101100010100100111101
00100110110111010101100100011110
01000001011111011000110111111101
10011100011010011101101011110010
00110001101000101001010111011111
10100110010110111100101101000010
11001001001100100110111101100111
01111110110010111001111101101110
11001010101011011111100011010111
10100111111101100100001001000110
10010111111011101110001100011101
01010111010000010100000111010100
10001100011101110101001110101111
11101010110000000111101101100000
01101000111001110001100011001110
10010111000111001000101001001111
11100110101100010010100010101010
00000101111101110101101010101001
10101100110011000011110110000111
01111000011000011110101001100010
00000111101101011010011111000001
10001100111001101010100000100001
11111101001011101101000000110100
11000101100110110001100111100100
00111001101101001100111101111110
10010100010111011001010011011110
00011000001011101011101010100011
01001101011011010011101011001101
00011110111011000010111100000010
00000110100100111101101000101101
00001111011101110000010011001111
01101110110011000101000010101010
10100111000001001100000100100011
11011101100010110011100111000011
01001111011011000000111001110100
11011011110010100111110000000011
01011100000100111110100110100010
11101000010011010011011111110011
01110111110010011011101111011011
00101100010101000111001011111101
10001000101001110011001111101101
01100011101010011010110110110110
00001010110101101010000001001011
01111010001001011000011111000010
11001000001011101100010000000110
00000100101111101001000111111010
01011001010100101001101011111111
01011110110010011000010110110010
11000010100100110110101101101101
01001001100100001000001111000000
00110101010111111111010111000011
10101110011010100001111001001100
11001010010100010110000011000100
10001100101101101011111110001101
10011111001111100100111110111011
11010011111110100011101111001010
10001100011001010100101101110111
11000011110001011001111111110101
11111111100101001001010011101001
00011011010100111111110011000101
10011011101001010111010001001000
11001010101111101100000101011111
10011010111000111101100010001010
00110110011010000100010000100010
11011010101010000001011101110110
10001101110111000010101001010111
01001001100111001010101111011101
01000011011111000100000100011101
10011111111100101100010110011111
00111001000100100110011100101011
00101110110000011000000100101101
01111010000101110010010010000011
10011110011100000010111100001100
11111111001000111100000001001001
10011101000110100010100101110000
00011000001100101101001000110001
01010011101111001010110110010000
11110001001010101010000100011101
10001001100100100001101100011010
00110111011101011010111111010001
10111000101100010110001001010001
00100011000000101110001111000111
10011010100100100100101100110001
10101100000011111111110000011001
11101000101011111101000101110000
11101111011001101001011000001001
00000110001001001101010010101001
00010101001011100110011100011011
11111001011110010101011100000011
11001000111100001000010000000100
01011011010011111111001001011010
11111111001111111100101011011111
00100001100011010011000000001000
01011011110010100111011010100100
00101100111010101110000101011100
00101100010110000101010011101110
11101010100100111100100100110011
00111001001110001101101001000000
10011010001101100110000010110110
11111011011011010100001010110111
10010101010100101111100100011010
11101110100010010110111001010111
10101100001000001110000111101100
11101000110111101110110100101010
00101100101111110001111000110101
00111101110010100110001011101111
01010111100011101000001111100010
11010000000111010100100101000011
10101100110111010101101011100101
10011101001010000101001001000000
10101110111101010000001101011101
11101000010110000011001000000001
10001001010010010111101101111011
01001010110110010000000000011100
01110101111000100100011100100111
11011100010111111011110010101111
10001111101000011010110111110000
00101000010011011100000001000000
10111010000011001111001000000101
01000111101101101101100001101101
01011010001001000010001001111101
10010001110111110101000011010001
11001000100000110001000001110010
01101100101000010000001000101000
10111001111000100000110100110101
00011110001100110110010001011100
10011010000110001001111010011111
01001111111010000110100000101100
00100100001100011101110111101111
00011000010100010100110011000101
00101011000101100101110010110101
01101010001101010001001110111010
01010010111100010010011001111011
00000011101100010000100011011010
11111101101000101000010010000010
11111011101101101010111110011101
00101111101010100000011011100000
10001110011101101101110100011110
10100111010000100011000010000010
00010011110111101000111010111010
01011100011010010010111111011110
11110111001000011100101100001101
00110001010100110100110100000110
10100111001110110100011100001111
00100111110001011011000101001010
00010000001000101111000011101100
01101110111010011001010011100111
00001101111101000011010000000010
10101010100000011000100111010001
11011111010100110010110101110111
10010101001001011011110011000111
11010011010111100010111011111101
11010101100110100110010011100111
01001001000100110101000011001101
00110110010001110110100001101001
10011111100101100010111110011101
11111011111000100110111101101011
11001010101010111011011010010110
00000111010110001011000010111111
11111100011100100001111101011111
00011101011000000100110100101110
00001011111010100000001110011100
11111110010101010110110110101111
11000111101101001100100111110011
00111010000110101010111111100101
01100101110000111010000001111101
00011000101101101010001010011001
11011110110011001111011101100010
01010011101011110010000101110001
00110110001010101110000000011111
11011011001100110000100011101111
10100011001010000101110111001011
10010001110001111100110000110010
11011101000100101111001110000001
01011101000111011001110111110110
01000101000001101010001001001101
11000100010001110100000001100011
10111001111111001111111100001111
01001001110111011011011011101010
00101011101111111000111001000110
11001010101101010111110110010100
10000110101101110111011010011111
00000110010010110000000010111100
00110011100100011000001001111001
01110010100100110001100001100101
00101010011011111011001000110100
11010010010100110110110011111100
10101011001000001000000000110100
10010001100110000100110001010010
11000101010001101101111001100101
11001000100001101000100000110010
00000110010011111001111100001110
01100101111110101000011100011001
01001110001100000111110100101000
00111001001100110011111110010010
11010000001000101001110000101100
11101000110011010001011001011101
11110010110010111100111001001110
00001000111111110001001000001010
11010000011111110111000011001010
11010001011100110110010110011001
00010111011011100010100111001011
00110110110011001101010010000101
00011001011001001010010011001010
00100000110111011000000101010111
01010011110011111001100010111101
01010101110011011011001000000111
11010101001100000111010000110111
01100010000101010100100001011010
01001000010010010011100100001011
11000010110110010110001101001111
10001101111101000110001011111000
11100111001100110100101010111100
11111111010100000011000111011010
00101101011000000000111100111001
00010110110100010101001110101100
00100111011100010110000100011010
00000011011110111101101101100001
00100001111111100111111011110111
00000101101110001110110110000001
10000111010110101010100101100000
11101110001100100001011110101011
00110011010111101100101100111000
10110011101111000010011110111001
11111110110111010001111001001011
11100010100000011011011101111101
11111011001111001101001001000010
11000110111111111001100000100001
10100101100101100101100111010010
01000011011011110000001100000000
11111001111110001000100000001110
01100100111000001101100111011111
10101100110100101001110000101010
00010101111000111000011100101010
01001011111011000011010001010101
11001001111101110000111001100000
10010011001100110011100110111101
10100101010001000100000001010110
11011100001101011001101110010100
01001001001011010011000001110011
10011101101010000110110110101101
11011010011101111101000100011000
00011001010001001100001110110111
00110011100010101101001010101001
10000110101000110110111000011010
10100111011001001111110010100011
00001001111000001101111000000100
00001100110111110010010001000100
10111110011100001001010101000101
10001000000000100010001100101010
00110001100010100100101111000000
10010000000011100110101000101110
10001000001010101100010110101010
10001101111000100110110011111111
10010111010001001011111101101011
10111011001000010001111101110001
00100111111000111100001011111001
01011111010001001111010010010001
00101110001000110000001000011000
00001101000001011010010110001000
11010011110110011111010000110000
00001010010011101011110100111100
00110000000011010000010100000111
11110001011000100100011000111110
01110111000100010101101101111100
10101011111110011101011000010110
10001101111001001101000000010011
10000000011100101001100000001100
00101101111001010001100000110110
11110110001010101001110111111001
10101010110011001100011010110111
10101011011010110010111101101011
00011000001000011011000101000010
11001111001111011001000001100010
10100110001101001100111101010110
